x,y,z
 9.978475570678711,-4.626078844070435,-24.72870922088623
 64.07123565673828,-3.603999137878418,-25.747644424438477
 10.15205442905426,-3.7815370559692383,25.210124969482422
 64.07337951660156,-3.5978753566741943,25.62484073638916
 18.036510467529297,17.616629600524902,-10.055113315582275
 18.036510467529297,17.616629600524902,10.055193424224854
 9.96118688583374,-4.656085133552551,-26.094910621643066
 9.978643655776978,-4.625929296016693,-24.736720085144043
 10.14266037940979,-3.80127090215683,26.484440803527832
 10.152249097824097,-3.781217634677887,25.126440048217773
 10.147253513336182,-3.791670083999634,25.9618501663208
 10.147250652313232,-3.7916699647903442,25.96184539794922
 10.83982515335083,-4.376292943954468,26.19295024871826
 10.303575038909912,-4.686214208602905,26.18586540222168
 9.693533420562744,-4.578938722610474,26.183560371398926
 9.29514455795288,-4.104662537574768,26.18710994720459
 9.294818878173828,-3.485304594039917,26.194859504699707
 9.69270944595337,-3.010668992996216,26.203174591064453
 10.302639961242676,-2.902843475341797,26.208170890808105
 10.839210033416748,-3.2122809886932373,26.207509994506836
 11.05136489868164,-3.794191598892212,26.20150089263916
 10.842625141143799,-4.370432138442993,25.72449016571045
 10.306380271911621,-4.6803529262542725,25.717405319213867
 9.696335315704346,-4.573077440261841,25.715100288391113
 9.297946453094482,-4.098801016807556,25.718649864196777
 9.29762077331543,-3.479443073272705,25.726399421691895
 9.695510864257812,-3.004807949066162,25.734719276428223
 10.305439949035645,-2.896982431411743,25.739715576171875
 10.842014789581299,-3.2064194679260254,25.73905086517334
 11.05416488647461,-3.788330554962158,25.733040809631348
 11.907690048217773,-1.3475159406661987,22.210505485534668
 10.932250022888184,-6.638176441192627,22.923029899597168
 10.047736167907715,-0.3377484679222107,22.320664405822754
 12.050765037536621,-0.6796900480985641,22.098304748535156
 10.789439678192139,-7.306002140045166,23.035240173339844
 10.281720161437988,0.3168070148676634,22.48985004425049
 11.808539867401123,-2.010759949684143,22.27654457092285
 10.144301414489746,-3.7978389263153076,26.454910278320312
 11.923359870910645,-1.4250380396842957,22.190784454345703
 10.916625022888184,-6.56065034866333,22.9427547454834
 10.0746431350708,-0.4175528921186924,22.36141014099121
 10.593464851379395,-3.4571392834186554,24.133995056152344
 11.99970006942749,-1.0790868997573853,22.133785247802734
 11.84699010848999,-1.770986020565033,22.24779510498047
 10.8403000831604,-6.906605005264282,22.99976921081543
 10.993024826049805,-6.214696407318115,22.885719299316406
 11.033249855041504,-5.965700626373291,22.855640411376953
 9.969575881958008,-4.641617059707642,-25.572014808654785
 9.969577312469482,-4.64161741733551,-25.572014808654785
 10.829014778137207,-4.3690571784973145,-25.820775032043457
 10.449184894561768,-3.879805088043213,-25.82583522796631
 9.843743324279785,-3.7490739822387695,-25.821720123291016
 9.29598617553711,-4.038034915924072,-25.81034564971924
 9.062214374542236,-4.611478805541992,-25.797035217285156
 9.251811981201172,-5.201086044311523,-25.78802490234375
 9.776063442230225,-5.530972003936768,-25.78752040863037
 10.389665126800537,-5.446779012680054,-25.795764923095703
 10.80550479888916,-4.987903118133545,-25.808895111083984
 10.834095001220703,-4.360260009765625,-25.352375030517578
 10.454265117645264,-3.8710079193115234,-25.357444763183594
 9.848824977874756,-3.7402780055999756,-25.35332489013672
 9.301071166992188,-4.02923858165741,-25.341955184936523
 9.067299365997314,-4.602683067321777,-25.32864475250244
 9.256896495819092,-5.192289352416992,-25.319629669189453
 9.781147956848145,-5.522174835205078,-25.319125175476074
 10.394749641418457,-5.43798303604126,-25.327364921569824
 10.810595035552979,-4.979106903076172,-25.34050464630127
 11.747214794158936,-2.1728004813194275,-21.84488010406494
 10.770699977874756,-7.469060182571411,-22.519100189208984
 9.88578462600708,-1.165608398616314,-21.95256519317627
 11.886835098266602,-1.50433349609375,-21.736639976501465
 10.630475044250488,-8.137518644332886,-22.627360343933105
 10.121520042419434,-0.5117226988077164,-22.125765800476074
 11.647940158843994,-2.8368829488754272,-21.906094551086426
 9.96422290802002,-4.6508753299713135,-26.065014839172363
 11.762884616851807,-2.2505815029144287,-21.824560165405273
 10.755054950714111,-7.391273498535156,-22.539440155029297
 9.912898540496826,-1.2450491189956665,-21.992440223693848
 10.422097206115723,-4.285594627261162,-23.76310443878174
 11.839349746704102,-1.904496431350708,-21.77036952972412
 11.686405181884766,-2.596663475036621,-21.878774642944336
 10.678579807281494,-7.73735237121582,-22.593664169311523
 10.831535339355469,-7.045192718505859,-22.485214233398438
 10.871809959411621,-6.795734882354736,-22.45662021636963
 11.886410236358643,-0.29447096586227417,-19.816245079040527
 11.25423002243042,-0.08256694674491882,-19.398984909057617
 12.367419719696045,-0.35532695055007935,-20.062430381774902
 11.543505191802979,-0.143912211060524,-19.54817008972168
 4.679512023925781,6.427712440490723,-6.398700952529907
 17.26765489578247,3.9794094562530518,-6.398700952529907
 3.430598020553589,6.7191338539123535,-6.398700952529907
 16.018764972686768,4.272215366363525,-6.398700952529907
 11.762884616851807,-2.2505815029144287,-21.824564933776855
 11.122470021247864,2.2667036056518555,-13.507041692733765
 11.780250072479248,-2.1139294505119324,-21.43034553527832
 5.3495001792907715,6.318627119064331,-6.398700714111328
 4.1102495193481445,6.619903087615967,-6.398612022399902
 17.888569831848145,3.8812259435653687,-6.39863395690918
 16.747495651245117,4.163445949554443,-6.398780584335327
 13.145709991455078,-0.0016149431467056274,-17.954959869384766
 12.024095058441162,0.39923204481601715,20.066245079040527
 11.389724731445312,0.6118884235620499,19.65888023376465
 12.508194923400879,0.37424154579639435,20.324654579162598
 11.681089878082275,0.5583892744034529,19.808879852294922
 13.18936014175415,0.5812675058841705,18.223259925842285
 17.390384674072266,3.957692861557007,6.398700714111328
 4.679475903511047,6.425545930862427,6.398700952529907
 15.896055221557617,4.296066999435425,6.398700475692749
 3.4305959939956665,6.719133615493774,6.398700475692749
 12.650905132293701,0.7182406485080719,17.992609977722168
 11.923355102539062,-1.4250380396842957,22.19078540802002
 11.122612833976746,2.6560071110725403,13.67470383644104
 11.93318510055542,-1.339473932981491,21.801859855651855
 5.34950852394104,6.318557024002075,6.398730516433716
 4.110232472419739,6.619981050491333,6.3986005783081055
 17.888580322265625,3.881230592727661,6.398684978485107
 16.747490882873535,4.163378596305847,6.398707628250122
 13.263869762420654,0.6162161380052567,18.19310474395752
 10.90158998966217,5.32860004901886,-5.87359094619751
 10.90158998966217,5.32860004901886,5.873701095581055
 5.893202543258667,2.231435000896454,-5.638195991516113
 16.882864952087402,0.1030765026807785,-5.638395309448242
 4.644281387329102,2.52834153175354,-5.6381494998931885
 15.633955001831055,0.39216945320367813,-5.6383490562438965
 10.75505542755127,-7.391273498535156,-22.539435386657715
 11.438393354415894,-2.418821930885315,-13.470589876174927
 10.771695137023926,-7.303353548049927,-22.15136432647705
 5.32392954826355,2.429096519947052,-5.63808536529541
 6.56318998336792,2.127801537513733,-5.63821005821228
 16.31360960006714,0.29294319450855255,-5.638427019119263
 17.55284023284912,-0.008410841226577759,-5.6383678913116455
 16.882880210876465,0.1018756628036499,5.638392210006714
 5.893190145492554,2.2287485003471375,5.6382670402526855
 15.633960247039795,0.39216799288988113,5.6383631229400635
 4.644284009933472,2.528625011444092,5.638237476348877
 10.916625022888184,-6.560650110244751,22.9427547454834
 11.438389778137207,-2.024563431739807,13.658813238143921
 10.926249980926514,-6.510180473327637,22.559635162353516
 17.55285930633545,-0.008358150720596313,5.638363599777222
 16.313615322113037,0.2929345518350601,5.638444423675537
 5.3239405155181885,2.4291385412216187,5.638219356536865
 6.563184499740601,2.1277130246162415,5.638181924819946
 11.674582242965698,1.2660674452781677,-5.16626238822937
 11.674582242965698,1.2660674452781677,5.166306495666504
 9.913027286529541,-0.9635065719485283,-21.283724784851074
 9.70459270477295,5.658257484436035,-7.799952745437622
 9.900471687316895,-0.8203277289867401,-21.113805770874023
 9.807286739349365,2.3638749718666077,-14.526393413543701
 9.715824127197266,5.40157413482666,-8.277822971343994
 9.898707866668701,-0.6732990592718124,-20.774699211120605
 10.074679851531982,-0.1811625063419342,21.633310317993164
 9.704566955566406,5.710237979888916,7.815349578857422
 10.052603721618652,-0.04219989478588104,21.460740089416504
 9.88705825805664,2.771881803870201,14.70830512046814
 9.724620342254639,5.459617376327515,8.304738283157349
 10.049489498138428,0.08459654450416565,21.111665725708008
 67.15045547485352,20.264080047607422,-11.183345317840576
 67.15045547485352,20.264080047607422,11.183415412902832
 63.871023178100586,-0.603971540927887,-26.728349685668945
 67.1247329711914,-3.4771729707717896,-26.563469886779785
 64.2498550415039,-6.717364072799683,-26.276865005493164
 60.99569511413574,-3.8465224504470825,-26.44756031036377
 64.24078178405762,-6.766261100769043,-26.527339935302734
 60.98660469055176,-3.895432472229004,-26.698050498962402
 63.861860275268555,-0.6532754898071289,-26.985050201416016
 67.11602783203125,-3.524165987968445,-26.814339637756348
 64.0856990814209,-3.528562545776367,-24.75720977783203
 64.06011009216309,-3.6617294028401375,-25.014009475708008
 64.07437515258789,-3.5882625579833984,-25.53129005432129
 61.20258903503418,-2.5378670692443848,26.54907989501953
 62.93718910217285,-6.510620594024658,26.272045135498047
 66.91786575317383,-4.785048007965088,26.467289924621582
 65.18354415893555,-0.8130992949008942,26.743274688720703
 66.90902328491211,-4.833108425140381,26.71218490600586
 65.17468643188477,-0.8611493706703186,26.98818588256836
 61.1936149597168,-2.586455464363098,26.80020523071289
 62.92799377441406,-6.558358669281006,26.52420425415039
 64.08570098876953,-3.528564453125,24.75720977783203
 64.0604248046875,-3.6616642475128174,25.012855529785156
 64.07437133789062,-3.588262677192688,25.53129005432129
 64.07440757751465,-3.5881935358047485,-25.528800010681152
 64.07450103759766,-3.5880730748176575,-25.528800010681152
 62.91873550415039,-3.6186619997024536,-25.807979583740234
 63.194175720214844,-4.354839563369751,-25.756160736083984
 63.879493713378906,-4.742737054824829,-25.736629486083984
 64.65402221679688,-4.600853204727173,-25.758520126342773
 65.15535736083984,-3.995577096939087,-25.81159019470215
 65.1489028930664,-3.2101240158081055,-25.871009826660156
 64.63769912719727,-2.612016439437866,-25.908974647521973
 63.860931396484375,-2.4811155796051025,-25.9077205657959
 63.18205642700195,-2.8786709308624268,-25.86783504486084
 62.927249908447266,-3.5737879276275635,-25.21525001525879
 63.20269012451172,-4.309964895248413,-25.163434982299805
 63.888010025024414,-4.697861909866333,-25.14389991760254
 64.66254043579102,-4.555978536605835,-25.16579532623291
 65.16386795043945,-3.950702428817749,-25.218865394592285
 65.15742492675781,-3.165250062942505,-25.278285026550293
 64.6462173461914,-2.5671420097351074,-25.316245079040527
 63.86944580078125,-2.4362409114837646,-25.314990043640137
 63.190568923950195,-2.833796501159668,-25.275105476379395
 64.58670806884766,-0.5275034010410309,-22.466790199279785
 62.93686103820801,-0.6145613491535187,-23.16316509246826
 64.06544303894043,-3.6345824003219604,-26.152230262756348
 64.19791412353516,-2.713623236864805,-23.966650009155273
 65.35725021362305,-0.5359890796244144,-22.169135093688965
 63.888986587524414,-0.6061187386512756,-22.857744216918945
 64.07431983947754,-3.5882184505462646,25.528809547424316
 64.07438087463379,-3.588062047958374,25.528800010681152
 64.90750503540039,-4.39963960647583,25.77741527557373
 64.20355415344238,-4.751219987869263,25.740650177001953
 63.437191009521484,-4.569056034088135,25.74342918395996
 62.96699905395508,-3.9383835792541504,25.78445053100586
 63.01298904418945,-3.154301404953003,25.844520568847656
 63.55364990234375,-2.5836904048919678,25.895530700683594
 64.33598709106445,-2.4935460090637207,25.913610458374023
 64.99394226074219,-2.9260475635528564,25.890305519104004
 65.21965789794922,-3.6788225173950195,25.836519241333008
 64.9159927368164,-4.354740619659424,25.18468475341797
 64.21204376220703,-4.7063210010528564,25.147920608520508
 63.44568061828613,-4.5241570472717285,25.150699615478516
 62.97549057006836,-3.893484592437744,25.191720008850098
 63.021480560302734,-3.1094024181365967,25.251790046691895
 63.5621395111084,-2.5387914180755615,25.302799224853516
 64.34447860717773,-2.4486465454101562,25.320884704589844
 65.00243759155273,-2.8811479806900024,25.29758071899414
 65.22814178466797,-3.633923053741455,25.243789672851562
 64.58666229248047,-0.5275034084916115,22.46970558166504
 62.93684959411621,-0.6145613491535187,23.16246509552002
 64.06544494628906,-3.6345285177230835,26.15196990966797
 64.19791412353516,-2.713623236864805,23.966650009155273
 65.3572769165039,-0.5359888263046741,22.169124603271484
 64.00226974487305,1.3873298466205597,-21.322799682617188
 63.30877494812012,1.6376395225524902,-21.157794952392578
 59.99992561340332,3.090544581413269,-20.126349449157715
 49.770408630371094,8.818479061126709,-11.966579914093018
 73.9068603515625,4.958927392959595,-6.997042894363403
 48.46333122253418,9.076297760009766,-12.293990135192871
 72.59978103637695,5.2235260009765625,-7.321156978607178
 59.451080322265625,3.2852600812911987,-20.003655433654785
 64.55302429199219,1.2841245234012604,-21.30340003967285
 63.668819427490234,1.55771404504776,-21.19054412841797
 61.815134048461914,4.1613709926605225,-14.95934510231018
 74.68612670898438,4.862196445465088,-6.864217042922974
 73.26686477661133,5.149411916732788,-7.216033458709717
 50.457754135131836,8.729563236236572,-11.85593032836914
 49.22234916687012,8.987410068511963,-12.169894695281982
 60.080875396728516,3.1148509979248047,-20.0739803314209
 59.99927520751953,3.088025450706482,20.12596035003662
 73.78591918945312,4.98114800453186,7.019952058792114
 49.90966033935547,8.909348964691162,12.04596996307373
 72.72074127197266,5.204218149185181,7.296562433242798
 51.21676063537598,8.640820026397705,11.73191499710083
 59.45042419433594,3.2827415466308594,20.00326442718506
 61.815134048461914,4.1613709926605225,14.95934510231018
 74.68611145019531,4.862183332443237,6.864237070083618
 73.26686096191406,5.149386882781982,7.2160398960113525
 50.457763671875,8.72960901260376,11.85597038269043
 49.22233963012695,8.98753547668457,12.169985294342041
 60.08022499084473,3.1123324632644653,20.07359027862549
 62.16540336608887,6.781432867050171,-8.89899468421936
 62.177499771118164,6.768213987350464,8.826864242553711
 10.005205631256104,-4.5799819231033325,-22.829045295715332
 10.189332485198975,-4.014845967292786,-21.615819931030273
 11.520874977111816,2.663493037223816,-3.5960599184036255
 13.175729751586914,2.183727979660034,-3.5960824489593506
 12.133174896240234,1.648064374923706,-7.331030607223511
 12.27576494216919,2.401489496231079,-3.596082925796509
 11.336030006408691,2.7116414308547974,-3.59608256816864
 11.918089866638184,1.0357003509998322,-7.035170078277588
 10.032130718231201,-4.483644008636475,-23.167460441589355
 9.937219142913818,-4.766641855239868,-23.88998031616211
 9.992993354797363,-4.601336598396301,-25.379605293273926
 12.348304748535156,2.423621892929077,-5.533582448959351
 12.348304748535156,2.4236220121383667,-5.533582448959351
 12.348309993743896,2.4236220121383667,-5.53358268737793
 12.632744789123535,2.339590549468994,-5.533582925796509
 12.063870429992676,2.5076534748077393,-5.533582925796509
 10.366488933563232,-3.486843526363373,-20.628610610961914
 11.383039951324463,-0.4537794589996338,-12.878409624099731
 10.701210021972656,-2.541176974773407,-18.26045513153076
 12.348305225372314,2.4236220121383667,-4.549332976341248
 12.172114849090576,2.052913010120392,-6.458458423614502
 9.951416969299316,-4.673036813735962,-27.363109588623047
 12.037569999694824,1.5334843695163727,-7.770155429840088
 10.16688060760498,-3.750602126121521,23.21598529815674
 10.34220552444458,-3.2495970129966736,21.957805633544922
 13.209754943847656,2.4142640829086304,3.5960824489593506
 11.486855030059814,2.432966470718384,3.596096992492676
 12.137994766235352,1.719229519367218,7.371976852416992
 12.439085006713867,2.434438943862915,3.596082925796509
 13.408414840698242,2.412386417388916,3.59608256816864
 12.122689723968506,1.0723944902420044,7.11432957649231
 10.196624755859375,-3.6612521409988403,23.55136013031006
 10.11690092086792,-3.9098589420318604,24.287344932556152
 10.160241603851318,-3.764512062072754,25.773460388183594
 12.348309993743896,2.4236220121383667,5.53358268737793
 12.348309993743896,2.4236220717430115,5.533582925796509
 12.348309993743896,2.4236220121383667,5.533582448959351
 12.05231523513794,2.4270650148391724,5.533582925796509
 12.644304752349854,2.420179009437561,5.533582925796509
 10.506284713745117,-2.7858769297599792,20.965834617614746
 11.454994678497314,-0.10273504257202148,13.014934062957764
 10.82488489151001,-1.9331654906272888,18.498544692993164
 12.348305225372314,2.423621952533722,4.549332976341248
 12.184869766235352,2.0886600613594055,6.4766175746917725
 10.137241840362549,-3.8126049041748047,27.75319004058838
 12.059149742126465,1.6394956409931183,7.8108460903167725
 64.8790054321289,-2.909066081047058,-23.675410270690918
 71.63439559936523,4.123919486999512,-3.5079665184020996
 64.1740608215332,-3.4350539445877075,-23.574965476989746
 70.9305648803711,3.5895750522613525,-3.50796639919281
 64.12935066223145,-3.2936445474624634,-21.629730224609375
 64.12935066223145,-3.293644905090332,-21.62972927093506
 64.12934875488281,-3.2936450242996216,-21.629725456237793
 64.50609588623047,-3.02660596370697,-21.655380249023438
 63.75260543823242,-3.560683488845825,-21.604079246520996
 70.85890197753906,3.5764570236206055,-5.507966041564941
 70.8588981628418,3.576456904411316,-5.5079665184021
 70.85890197753906,3.5764570236206055,-5.507966041564941
 70.48310470581055,3.3068535327911377,-5.5079665184021
 71.23468780517578,3.846060037612915,-5.507965803146362
 64.11080360412598,-3.407757043838501,-22.752320289611816
 67.47028732299805,0.22353601455688477,-13.6475830078125
 70.39934539794922,3.1442384719848633,-6.590978145599365
 64.5888729095459,-2.8614264130592346,-20.546714782714844
 70.8588981628418,3.5764564275741577,-4.392966032028198
 70.18747329711914,2.9115805625915527,3.5089759826660156
 63.43807411193848,-4.111307144165039,23.564180374145508
 70.81659317016602,3.535829544067383,3.5089759826660156
 64.05864143371582,-3.487268567085266,23.680179595947266
 70.8600845336914,3.5776668787002563,5.508975505828857
 70.86008071899414,3.5776654481887817,5.508975505828857
 70.86008071899414,3.577665090560913,5.508975505828857
 70.53365325927734,3.2500205039978027,5.508975505828857
 71.18650817871094,3.9053105115890503,5.508975505828857
 64.12935066223145,-3.2936410903930664,21.62972927093506
 64.12934875488281,-3.2936445474624634,21.629724502563477
 64.12934875488281,-3.2936450242996216,21.629724502563477
 64.45521926879883,-2.9667699337005615,21.6591796875
 63.80348205566406,-3.620519518852234,21.60027503967285
 70.86008071899414,3.5776655673980713,4.393975496292114
 67.55264091491699,0.0825650691986084,13.565342903137207
 64.56476974487305,-2.849447548389435,20.51781463623047
 70.42472839355469,3.13340300321579,6.620870351791382
 64.10892295837402,-3.39718496799469,22.749984741210938
 67.72606658935547,15.6672945022583,-14.144989490509033
 65.14407348632812,6.565870493650436,-18.764260292053223
 65.66373634338379,7.454643726348877,-18.15047025680542
 16.747314453125,14.880500793457031,-12.88596773147583
 13.409864902496338,4.9004185795784,-17.457794666290283
 13.901255130767822,5.789745539426804,-16.952704906463623
 16.74399471282959,14.932783126831055,13.000460147857666
 13.553460121154785,5.5509201139211655,17.586269855499268
 14.071595191955566,6.435179233551025,17.07368516921997
 67.72312545776367,15.661614894866943,14.182134628295898
 65.14471435546875,6.570938408374786,18.76984453201294
 65.69062423706055,7.445689797401428,18.182215213775635